"Track URI","Track Name","Artist URI(s)","Artist Name(s)","Album URI","Album Name","Album Artist URI(s)","Album Artist Name(s)","Album Release Date","Album Image URL","Disc Number","Track Number","Track Duration (ms)","Track Preview URL","Explicit","Popularity","ISRC","Added By","Added At"
"spotify:track:5gOd6zDC8vhlYjqbQdJVWP","Baker Street","spotify:artist:7tjbDPvrdvDshcpEMXKRVb","Gerry Rafferty","spotify:album:35yZZTWeSrszSKjRlFETwf","City to City","spotify:artist:7tjbDPvrdvDshcpEMXKRVb","Gerry Rafferty","1978","https://i.scdn.co/image/ab67616d0000b273dc60cf9a010f86354e6735dd","1","2","365626","https://p.scdn.co/mp3-preview/675fae4d349f14c2980d5f72b5894aa6b010d9f9?cid=9950ac751e34487dbbe027c4fd7f8e99","false","70","GBAYE7800619","spotify:user:","2022-07-28T19:01:39Z"
"spotify:track:1x1XQqhBViz4opcpwc7FVs","Reelin' In The Years","spotify:artist:6P7H3ai06vU1sGvdpBwDmE","Steely Dan","spotify:album:6DlSUW5gmq6Byc3osKDJ2p","Can't Buy A Thrill","spotify:artist:6P7H3ai06vU1sGvdpBwDmE","Steely Dan","1972-11-01","https://i.scdn.co/image/ab67616d0000b2730ddd7e736f870994f4707947","1","6","277467","https://p.scdn.co/mp3-preview/c25f38ac7dfc79377e285f483efeb28eae8a1038?cid=9950ac751e34487dbbe027c4fd7f8e99","false","72","USMC17347184","spotify:user:","2022-07-28T19:01:39Z"
"spotify:track:01UYpHuzHi4eB9PAbDoPY2","Summer Breeze","spotify:artist:6jdObwsrIjSRnBbMw6lPBj","Seals and Crofts","spotify:album:4dkdQY484elFRfcVNY6uzj","Seals & Crofts' Greatest Hits","spotify:artist:6jdObwsrIjSRnBbMw6lPBj","Seals and Crofts","1972","https://i.scdn.co/image/ab67616d0000b273dfa20da3b777d38da4b044ca","1","9","205480","https://p.scdn.co/mp3-preview/a43849dc14edc245594ed052e0ff6f997bf9ce32?cid=9950ac751e34487dbbe027c4fd7f8e99","false","64","USWB19901645","spotify:user:","2022-07-28T19:01:39Z"
"spotify:track:4yugZvBYaoREkJKtbG08Qr","Take It Easy - 2013 Remaster","spotify:artist:0ECwFtbIWEVNwjlrfc6xoL","Eagles","spotify:album:51B7LbLWgYLKBVSpkan8Z7","Eagles (2013 Remaster)","spotify:artist:0ECwFtbIWEVNwjlrfc6xoL","Eagles","1972","https://i.scdn.co/image/ab67616d0000b273c13acd642ba9f6f5f127aa1b","1","1","211577","https://p.scdn.co/mp3-preview/0cd8afbacd094e704ac86c8ff8a84b295df3c738?cid=9950ac751e34487dbbe027c4fd7f8e99","false","79","USEE11300314","spotify:user:","2022-07-28T19:01:39Z"
"spotify:track:0SjnBEHZVXgCKvOrpvzL2k","Sundown","spotify:artist:23rleGXVOVVgTk3xgtmfE4","Gordon Lightfoot","spotify:album:2IPD9EcNjUmsHvqULDMU9Y","Sundown","spotify:artist:23rleGXVOVVgTk3xgtmfE4","Gordon Lightfoot","1974","https://i.scdn.co/image/ab67616d0000b2738f2b3a1c0559ca6188de574b","1","7","213400","https://p.scdn.co/mp3-preview/61bda1952d39b6d551258b7b2eefd8380c7f7f1d?cid=9950ac751e34487dbbe027c4fd7f8e99","false","69","USRE10901178","spotify:user:","2022-07-28T19:01:39Z"
"spotify:track:2yBVeksU2EtrPJbTu4ZslK","What a Fool Believes","spotify:artist:39T6qqI0jDtSWWioX8eGJz","The Doobie Brothers","spotify:album:7je2uv9QBH65HhADDZitbB","Minute by Minute","spotify:artist:39T6qqI0jDtSWWioX8eGJz","The Doobie Brothers","1978","https://i.scdn.co/image/ab67616d0000b273ba6340ac3b1653b6ea0e5da5","1","2","223866","https://p.scdn.co/mp3-preview/15b0077da47c205d9a84d6905a7ca26be57a3ee7?cid=9950ac751e34487dbbe027c4fd7f8e99","false","72","USWB10902441","spotify:user:","2022-07-28T19:01:39Z"
"spotify:track:37BTh5g05cxBIRYMbw8g2T","Rosanna","spotify:artist:0PFtn5NtBbbUNbU9EAmIWF","TOTO","spotify:album:62U7xIHcID94o20Of5ea4D","Toto IV","spotify:artist:0PFtn5NtBbbUNbU9EAmIWF","TOTO","1982-04-08","https://i.scdn.co/image/ab67616d0000b2734a052b99c042dc15f933145b","1","1","331200","https://p.scdn.co/mp3-preview/3b99716aefc374b0e869ad8f512b1f8ff2309c1d?cid=9950ac751e34487dbbe027c4fd7f8e99","false","73","USSM18200245","spotify:user:","2022-07-28T19:01:39Z"
"spotify:track:5dFoWIiJ2814hRwMYDcFiU","She's Gone","spotify:artist:77tT1kLj6mCWtFNqiOmP9H","Daryl Hall & John Oates","spotify:album:47Dmo9RLpgHMusEiF8luvu","Abandoned Luncheonette","spotify:artist:77tT1kLj6mCWtFNqiOmP9H","Daryl Hall & John Oates","1973-01-01","https://i.scdn.co/image/ab67616d0000b2734959f78cc9a050555687c4c2","1","4","313373","https://p.scdn.co/mp3-preview/abe517ec3d728568b1eb365712c64f6ea5fdb568?cid=9950ac751e34487dbbe027c4fd7f8e99","false","66","USAT20614606","spotify:user:","2022-07-28T19:01:39Z"
"spotify:track:254bXAqt3zP6P50BdQvEsq","Everywhere - 2017 Remaster","spotify:artist:08GQAI4eElDnROBrJRGE0X","Fleetwood Mac","spotify:album:4AsXQ17Arq1cUVoa9dKJ3F","Tango In the Night (Deluxe Edition)","spotify:artist:08GQAI4eElDnROBrJRGE0X","Fleetwood Mac","1987-04-13","https://i.scdn.co/image/ab67616d0000b273aaba065944cd82a6f15c86b6","1","3","226653","https://p.scdn.co/mp3-preview/9f7ca4c61f18a45d800c1242d377b4c787896a7e?cid=9950ac751e34487dbbe027c4fd7f8e99","false","81","USRH11602189","spotify:user:","2022-07-28T19:01:39Z"
"spotify:track:7i3xpu7SFWvzhGa9AZyySR","Reminiscing - Remastered 2022","spotify:artist:6clbbhnIqpHnqxwtOWcilg","Little River Band","spotify:album:5XXymqS9NunPlUbovZK8WJ","Sleeper Catcher (Remastered 2022)","spotify:artist:6clbbhnIqpHnqxwtOWcilg","Little River Band","1978","https://i.scdn.co/image/ab67616d0000b273ad53be7d2ec379399660c1ec","1","6","257868","https://p.scdn.co/mp3-preview/2d475dc4bddb8efc85edf6bd485098d4d7dda79e?cid=9950ac751e34487dbbe027c4fd7f8e99","false","67","AUEM01000133","spotify:user:","2022-07-28T19:01:39Z"
"spotify:track:2MaLglXXcouyoh03rUROQ2","Peg","spotify:artist:6P7H3ai06vU1sGvdpBwDmE","Steely Dan","spotify:album:5Zxv8bCtxjz11jjypNdkEa","Aja","spotify:artist:6P7H3ai06vU1sGvdpBwDmE","Steely Dan","1977-01-01","https://i.scdn.co/image/ab67616d0000b273e5dd0952c693529017743e39","1","4","240333","https://p.scdn.co/mp3-preview/f1f32e064f3015ddf8fd02cf2be9019e841bdae8?cid=9950ac751e34487dbbe027c4fd7f8e99","false","65","USMC17647230","spotify:user:","2022-07-28T19:01:39Z"
"spotify:track:6Rd36fAvK6klQPYgx3534I","Ride Like the Wind","spotify:artist:695W5F2Ih8dYahLdjVOIoH","Christopher Cross","spotify:album:43L4t2oVmuJsudEls5C6Gh","Christopher Cross","spotify:artist:695W5F2Ih8dYahLdjVOIoH","Christopher Cross","1979-12-20","https://i.scdn.co/image/ab67616d0000b27375d22d629c34ad49ace49760","1","6","275506","https://p.scdn.co/mp3-preview/e1b6c0ff949672e7fff0a6282f6fc00d42b2c167?cid=9950ac751e34487dbbe027c4fd7f8e99","false","51","USWB19901342","spotify:user:","2022-07-28T19:01:39Z"
"spotify:track:0nlZjTPzW6S9JIESuGfImT","Lowdown","spotify:artist:46njgd2Rq9tZc4ZjeQMgbh","Boz Scaggs","spotify:album:7DysI4j6UqK00RTfETKXqs","Silk Degrees","spotify:artist:46njgd2Rq9tZc4ZjeQMgbh","Boz Scaggs","1976","https://i.scdn.co/image/ab67616d0000b27394676ce6aa5288318b4ca52a","1","6","315640","https://p.scdn.co/mp3-preview/00ea8bea8b8c4255babd26802f0f5903bc783d72?cid=9950ac751e34487dbbe027c4fd7f8e99","false","65","USSM17500295","spotify:user:","2022-07-28T19:01:39Z"
"spotify:track:3FkQN4NyCFlfn7fWzBkWCj","Thunder Island","spotify:artist:3aahGWIXwvG1fxduXjimtl","Jay Ferguson","spotify:album:2ICj5EvbtucP1EeMID4zBj","Thunder Island","spotify:artist:3aahGWIXwvG1fxduXjimtl","Jay Ferguson","1978","https://i.scdn.co/image/ab67616d0000b27399270f26d4013a035496634e","1","1","240693","https://p.scdn.co/mp3-preview/d67c2c0e16c0b298a309df879783eee956d7080d?cid=9950ac751e34487dbbe027c4fd7f8e99","false","56","USEE10250542","spotify:user:","2022-07-28T19:01:39Z"
"spotify:track:5zVKisBri6JH1fooBhUaVq","Time Passages","spotify:artist:0DW7boyjvbaSP3OJ72sXgC","Al Stewart","spotify:album:5moFY0K48zOBW37SsThYL0","Time Passages","spotify:artist:0DW7boyjvbaSP3OJ72sXgC","Al Stewart","1978","https://i.scdn.co/image/ab67616d0000b27387cd60f090f08ec6f6051144","1","1","403040","https://p.scdn.co/mp3-preview/6d99e6e8ebba3273cf3f3f42264c286404647a09?cid=9950ac751e34487dbbe027c4fd7f8e99","false","54","USRH10650445","spotify:user:","2022-07-28T19:01:39Z"
"spotify:track:0bRXwKfigvpKZUurwqAlEh","Lovely Day","spotify:artist:1ThoqLcyIYvZn7iWbj8fsj","Bill Withers","spotify:album:3QjPTUI6UcPr5m9RujkO3c","Menagerie","spotify:artist:1ThoqLcyIYvZn7iWbj8fsj","Bill Withers","1977-10-29","https://i.scdn.co/image/ab67616d0000b2735ade9b4d547203c9061fc340","1","1","254560","https://p.scdn.co/mp3-preview/77d965f7898af602d754941d63eb1f384e32a42c?cid=9950ac751e34487dbbe027c4fd7f8e99","false","77","USSM10207844","spotify:user:","2022-07-28T19:01:39Z"
"spotify:track:4aVuWgvD0X63hcOCnZtNFA","Hold the Line","spotify:artist:0PFtn5NtBbbUNbU9EAmIWF","TOTO","spotify:album:1mnu4hYvdwQgZXcNvtJ3D3","Toto","spotify:artist:0PFtn5NtBbbUNbU9EAmIWF","TOTO","1978-10-10","https://i.scdn.co/image/ab67616d0000b273f903e62767a0e22e33b7af83","1","9","235546","https://p.scdn.co/mp3-preview/15e438d23d829075b1513348cdccfd96fd9d5a31?cid=9950ac751e34487dbbe027c4fd7f8e99","false","81","USSM17800444","spotify:user:","2022-07-28T19:01:39Z"
"spotify:track:2NtqZmfRIDkXJ2YvY2Kv1F","Lido Shuffle","spotify:artist:46njgd2Rq9tZc4ZjeQMgbh","Boz Scaggs","spotify:album:7DysI4j6UqK00RTfETKXqs","Silk Degrees","spotify:artist:46njgd2Rq9tZc4ZjeQMgbh","Boz Scaggs","1976","https://i.scdn.co/image/ab67616d0000b27394676ce6aa5288318b4ca52a","1","9","221613","https://p.scdn.co/mp3-preview/c890de9c1127ffc4f70d91ce9d1c495b7add3743?cid=9950ac751e34487dbbe027c4fd7f8e99","false","66","USSM17500569","spotify:user:","2022-07-28T19:01:39Z"
"spotify:track:4AjKVyNUMdUveKK5OH1OJD","How Long","spotify:artist:6QNkSI0c63lCTNXpHDBiqP","Ace","spotify:album:5hC1ciYNtewV8gncsKHt1F","Five-A-Side","spotify:artist:6QNkSI0c63lCTNXpHDBiqP","Ace","1974-01-01","https://i.scdn.co/image/ab67616d0000b27330f294a645cd542afd5af5b2","1","3","204226","https://p.scdn.co/mp3-preview/5264a0c6d7da397a0e6b3ba6aa3a7cf539d8987a?cid=9950ac751e34487dbbe027c4fd7f8e99","false","64","GBAZJ0600006","spotify:user:","2022-07-28T19:01:39Z"
"spotify:track:2dlEdDEmuQsrcXaAL3Znzi","You Make My Dreams (Come True)","spotify:artist:77tT1kLj6mCWtFNqiOmP9H","Daryl Hall & John Oates","spotify:album:0gCDvloPR42pZRZhmbGYVI","The Essential Daryl Hall & John Oates","spotify:artist:77tT1kLj6mCWtFNqiOmP9H","Daryl Hall & John Oates","2005-04-25","https://i.scdn.co/image/ab67616d0000b273e49b4b79f376c0bc6e0c079b","1","15","190706","https://p.scdn.co/mp3-preview/71fe32ff4f9580f0604565b0429ca4c08c481588?cid=9950ac751e34487dbbe027c4fd7f8e99","false","59","USRC10301828","spotify:user:","2022-07-28T19:01:39Z"
"spotify:track:1tjK9HhmpEfk0ijyIKsoUk","Hey Nineteen","spotify:artist:6P7H3ai06vU1sGvdpBwDmE","Steely Dan","spotify:album:5fIBtKHWGjbjK9C4i1Z11L","Gaucho","spotify:artist:6P7H3ai06vU1sGvdpBwDmE","Steely Dan","1980","https://i.scdn.co/image/ab67616d0000b273412d0a3ed734b885c1fed05d","1","2","307400","https://p.scdn.co/mp3-preview/0cc62f78e6b4d47982874a98d41234915e8c0727?cid=9950ac751e34487dbbe027c4fd7f8e99","false","64","USMC17947237","spotify:user:","2022-07-28T19:01:39Z"
"spotify:track:3Sm5TYFgMXyXwgAcY2xweX","So Into You","spotify:artist:0WgyCbru4tXnMsbTmX4mFw","Atlanta Rhythm Section","spotify:album:5vC0MxBXL4i9iowdXSx4yO","A Rock And Roll Alternative","spotify:artist:0WgyCbru4tXnMsbTmX4mFw","Atlanta Rhythm Section","1976-12","https://i.scdn.co/image/ab67616d0000b2733b727f9b4af79eaa9f95c659","1","5","260866","https://p.scdn.co/mp3-preview/6a799f7aa2c8e8b2556145228fffe08fe8aeb3bd?cid=9950ac751e34487dbbe027c4fd7f8e99","false","61","USUMG9900509","spotify:user:","2022-07-28T19:01:39Z"
"spotify:track:2BY7ALEWdloFHgQZG6VMLA","Brandy (You're a Fine Girl)","spotify:artist:5jJN1nmKXzRjodMl1THQeI","Looking Glass","spotify:album:5ThwnbpYrk9R1xXkAGCLIs","Looking Glass","spotify:artist:5jJN1nmKXzRjodMl1THQeI","Looking Glass","1972","https://i.scdn.co/image/ab67616d0000b2734c95b7cf28c3015c914218e4","1","2","186826","https://p.scdn.co/mp3-preview/1c98acdc8305d0ded66730803fcff1ba0d557c47?cid=9950ac751e34487dbbe027c4fd7f8e99","false","75","USSM10903222","spotify:user:","2022-07-28T19:01:39Z"
"spotify:track:6Re2AwZUVlgBng04BZTauW","Cool Cat - Remastered 2011","spotify:artist:1dfeR4HaWDbWqFHLkxsg1d","Queen","spotify:album:0xc5IpJM39eEEYSKDrm5kf","Hot Space (Deluxe Remastered Version)","spotify:artist:1dfeR4HaWDbWqFHLkxsg1d","Queen","1982-05-03","https://i.scdn.co/image/ab67616d0000b273a1e05e1048e2cf2737adf742","1","10","209106","https://p.scdn.co/mp3-preview/a9868f2384c78579144a012dd117765aed1f3a10?cid=9950ac751e34487dbbe027c4fd7f8e99","false","53","GBUM71103440","spotify:user:","2022-07-28T19:01:39Z"
"spotify:track:1pcG5AKS1PTa5sz9cBOCLZ","Get It Up For Love","spotify:artist:59QKG3eYCCmqC6SqUwXvSw","Ned Doheny","spotify:album:6FqKEvbSjVJQXX8rFFdPnA","Hard Candy","spotify:artist:59QKG3eYCCmqC6SqUwXvSw","Ned Doheny","1976-12-02","https://i.scdn.co/image/ab67616d0000b273a6fe9f125e5c96e9f80039c6","1","1","281733","https://p.scdn.co/mp3-preview/6eec08f293bf68d7d02642e27aef428418e4aab6?cid=9950ac751e34487dbbe027c4fd7f8e99","false","50","USSM10207925","spotify:user:","2022-07-28T19:01:39Z"
"spotify:track:5LYJ631w9ps5h9tdvac7yP","Easy Lover","spotify:artist:6ZNeppgfBLPUyugks9Yn1u, spotify:artist:4lxfqrEsLX6N1N4OCSkILp","Philip Bailey, Phil Collins","spotify:album:59RsiGLQVyFHiFn2K5VNvX","Chinese Wall (Expanded Edition)","spotify:artist:6ZNeppgfBLPUyugks9Yn1u","Philip Bailey","1984-10-01","https://i.scdn.co/image/ab67616d0000b273c61fd7cba6914924fea49ea9","1","6","305866","https://p.scdn.co/mp3-preview/d84868cccde716cf0f4bb340164c316e373e8639?cid=9950ac751e34487dbbe027c4fd7f8e99","false","70","USSM18400801","spotify:user:","2022-07-28T19:01:39Z"
"spotify:track:0zw5bUUdOxVLBGMsb0SuBh","FM","spotify:artist:6P7H3ai06vU1sGvdpBwDmE","Steely Dan","spotify:album:68HbhACgHQvDhfMIzQYt8P","A Decade Of Steely Dan","spotify:artist:6P7H3ai06vU1sGvdpBwDmE","Steely Dan","1985-01-01","https://i.scdn.co/image/ab67616d0000b2730ff92f2df596033a0ef2b199","1","1","290160","https://p.scdn.co/mp3-preview/51b303c5f21b23bfd794b04835867d1c087f9063?cid=9950ac751e34487dbbe027c4fd7f8e99","false","53","USMC17847235","spotify:user:","2022-07-28T19:01:39Z"
"spotify:track:2374M0fQpWi3dLnB54qaLX","Africa","spotify:artist:0PFtn5NtBbbUNbU9EAmIWF","TOTO","spotify:album:62U7xIHcID94o20Of5ea4D","Toto IV","spotify:artist:0PFtn5NtBbbUNbU9EAmIWF","TOTO","1982-04-08","https://i.scdn.co/image/ab67616d0000b2734a052b99c042dc15f933145b","1","10","295893","https://p.scdn.co/mp3-preview/5afc1a0779af1d85cf7ea38f7bc5f457cbbe9d8e?cid=9950ac751e34487dbbe027c4fd7f8e99","false","85","USSM19801941","spotify:user:","2022-07-28T19:01:39Z"
"spotify:track:1qjrYozGqc7upUgfN776lZ","Sara Smile","spotify:artist:77tT1kLj6mCWtFNqiOmP9H","Daryl Hall & John Oates","spotify:album:0QVsWpx62HGRHx1Big7BZA","Daryl Hall & John Oates (The Silver Album)","spotify:artist:77tT1kLj6mCWtFNqiOmP9H","Daryl Hall & John Oates","1975","https://i.scdn.co/image/ab67616d0000b2737e0dea0c3a0bf7c6820306c9","1","2","185293","https://p.scdn.co/mp3-preview/438d3190e953b195778c76dc98994223b4ff266d?cid=9950ac751e34487dbbe027c4fd7f8e99","false","69","USRC17500581","spotify:user:","2022-07-28T19:01:39Z"
"spotify:track:2Xb6wJYGi0QXwURw5WWvI5","Right Down the Line","spotify:artist:7tjbDPvrdvDshcpEMXKRVb","Gerry Rafferty","spotify:album:35yZZTWeSrszSKjRlFETwf","City to City","spotify:artist:7tjbDPvrdvDshcpEMXKRVb","Gerry Rafferty","1978","https://i.scdn.co/image/ab67616d0000b273dc60cf9a010f86354e6735dd","1","3","267773","https://p.scdn.co/mp3-preview/7b9517fa40f8a85216ccf5022d8b979174e103c1?cid=9950ac751e34487dbbe027c4fd7f8e99","false","74","GBAYE7800544","spotify:user:","2022-07-28T19:01:39Z"
"spotify:track:1WDgdCoNSN0fosaTaLGXKU","Takin' It to the Streets","spotify:artist:39T6qqI0jDtSWWioX8eGJz, spotify:artist:0vn7UBvSQECKJm2817Yf1P","The Doobie Brothers, James Taylor","spotify:album:6yXfAEtkB6MUyhRkiGg5X2","Takin' It to the Streets","spotify:artist:39T6qqI0jDtSWWioX8eGJz","The Doobie Brothers","1976-03-12","https://i.scdn.co/image/ab67616d0000b273d753838669bd212bae73e167","1","2","231600","https://p.scdn.co/mp3-preview/0074caddcd91d7d08fcb8df0b6adfc40afa17506?cid=9950ac751e34487dbbe027c4fd7f8e99","false","59","USWB10105079","spotify:user:","2022-07-28T19:01:39Z"
"spotify:track:7tBlvnHLTox3S0yB6nIV2Q","Lazy Nina","spotify:artist:6WOxIudswU8kNC2LrpeiWu","Greg Phillinganes","spotify:album:2keWhx31zk5DnCvRCD5Lg4","Pulse (Expanded Edition)","spotify:artist:6WOxIudswU8kNC2LrpeiWu","Greg Phillinganes","1984","https://i.scdn.co/image/ab67616d0000b273a0791677cdddb2dbeb8f92e7","1","6","326613","https://p.scdn.co/mp3-preview/a981182990aa818d583e8872e7a76f3981828333?cid=9950ac751e34487dbbe027c4fd7f8e99","false","50","USRC18404666","spotify:user:","2022-07-28T19:01:39Z"
"spotify:track:0VQ0n5gMgJLNixG8BfWBT5","Lovin', Touchin', Squeezin'","spotify:artist:0rvjqX7ttXeg3mTy8Xscbt","Journey","spotify:album:4hKBS94EEP9PaYxuK5tisQ","Evolution","spotify:artist:0rvjqX7ttXeg3mTy8Xscbt","Journey","1979","https://i.scdn.co/image/ab67616d0000b273f94a1b552aa382bf52c495b7","1","3","230533","https://p.scdn.co/mp3-preview/87fd2fa4779068c6c5ed95753b890931789bb040?cid=9950ac751e34487dbbe027c4fd7f8e99","false","62","USSM17900133","spotify:user:","2022-07-28T19:01:39Z"
"spotify:track:3AFGpmbpdctoSsLYiu07vl","Nothin' You Can Do About It","spotify:artist:0yci1UcbunmiExfI7U0jGw","Airplay","spotify:album:3uxLkATnYOuXXIkUb2d04n","Airplay","spotify:artist:0yci1UcbunmiExfI7U0jGw","Airplay","1980-11-15","https://i.scdn.co/image/ab67616d0000b27316ad2c2377a81db477013655","1","4","287066","https://p.scdn.co/mp3-preview/1b0c6b2ac91e11f6c07c13e28a535fcd4148be40?cid=9950ac751e34487dbbe027c4fd7f8e99","false","45","USRC19901209","spotify:user:","2022-07-28T19:01:39Z"
"spotify:track:3XJC8vRhbtm3NzHXE1XAta","If I Saw You Again","spotify:artist:4xoTZnaFX7xWz76sVSgg7u","Pages","spotify:album:1qdncgTUWG6mnVUfTyYdIG","Pages","spotify:artist:4xoTZnaFX7xWz76sVSgg7u","Pages","1978-11-26","https://i.scdn.co/image/ab67616d0000b273fa2a6a9c1e7fecb7b8d7b707","1","6","204666","https://p.scdn.co/mp3-preview/a482a3095b1d2eee14a981cf98cb82584dbcef8d?cid=9950ac751e34487dbbe027c4fd7f8e99","false","47","USSM10108908","spotify:user:","2022-07-28T19:01:39Z"
"spotify:track:2OgVsp77En2nju8pnCieVU","Waiting for a Girl like You","spotify:artist:6IRouO5mvvfcyxtPDKMYFN","Foreigner","spotify:album:2Pw51hAGvWpTA3AYl2WVuu","4 (Expanded)","spotify:artist:6IRouO5mvvfcyxtPDKMYFN","Foreigner","1981","https://i.scdn.co/image/ab67616d0000b27362d48acfd5073491df46f7ac","1","4","292066","https://p.scdn.co/mp3-preview/7b388058e62f3a718d832b7fdf6c6b366cbe15d9?cid=9950ac751e34487dbbe027c4fd7f8e99","false","72","USAT20803008","spotify:user:","2022-07-28T19:01:39Z"
"spotify:track:56BSwBKWHYldQOgYLHiehs","Magic","spotify:artist:4BoRxUdrcgbbq1rxJvvhg9","Olivia Newton-John","spotify:album:0dWzFLXRM8F1IsEYdKopAa","Xanadu","spotify:artist:0LyfQWJT6nXafLPZqxe9Of","Various Artists","1980-01-01","https://i.scdn.co/image/ab67616d0000b273aca44ea06c236b60416359ee","1","1","271666","https://p.scdn.co/mp3-preview/ba05de1c64b829ef72e3836fd5b096543cf6651b?cid=9950ac751e34487dbbe027c4fd7f8e99","false","50","USWWW0202213","spotify:user:","2022-07-28T19:01:39Z"
"spotify:track:7v5rsCN3LhX9XaIlWyTdx3","Steal Away - Remastered","spotify:artist:3jrgftS3TYbNxcPt5itKhz","Robbie Dupree","spotify:album:1sY2wLftl601YlV9YUQFgW","Robbie Dupree","spotify:artist:3jrgftS3TYbNxcPt5itKhz","Robbie Dupree","1980-12-01","https://i.scdn.co/image/ab67616d0000b273b7e815ed0bb6fda375423c88","1","1","213973","https://p.scdn.co/mp3-preview/2163b3daa02d2e51a2fc4ab7ec4414ace5db5269?cid=9950ac751e34487dbbe027c4fd7f8e99","false","58","USEE10184775","spotify:user:","2022-07-28T19:01:39Z"
"spotify:track:5IMtdHjJ1OtkxbGe4zfUxQ","Escape (The Pina Colada Song)","spotify:artist:0TqIPD4IS1w4e30R38B3vj","Rupert Holmes","spotify:album:163iYwl7Kdm9ayTnD4VyfN","Partners In Crime","spotify:artist:0TqIPD4IS1w4e30R38B3vj","Rupert Holmes","1979-01-01","https://i.scdn.co/image/ab67616d0000b273af7afb5c49afd3133fa2a6c9","1","1","276493","https://p.scdn.co/mp3-preview/8497d576ce117e8d3a9db3744ccd026493e5f23d?cid=9950ac751e34487dbbe027c4fd7f8e99","false","75","USMC17948997","spotify:user:","2022-07-28T19:01:39Z"
"spotify:track:37oLDb3119IdKSIFQmSGRj","Minute by Minute","spotify:artist:39T6qqI0jDtSWWioX8eGJz","The Doobie Brothers","spotify:album:7je2uv9QBH65HhADDZitbB","Minute by Minute","spotify:artist:39T6qqI0jDtSWWioX8eGJz","The Doobie Brothers","1978","https://i.scdn.co/image/ab67616d0000b273ba6340ac3b1653b6ea0e5da5","1","3","206973","https://p.scdn.co/mp3-preview/08c1a4e29ef8a45ea3a4fadb923e351fde77d0f7?cid=9950ac751e34487dbbe027c4fd7f8e99","false","58","USWB10902442","spotify:user:","2022-07-28T19:01:39Z"
"spotify:track:3P6g4zQCnynRMiWcxlcGHx","Sailing","spotify:artist:695W5F2Ih8dYahLdjVOIoH","Christopher Cross","spotify:album:7lbY0OAEe0pl26YvG4sdD0","Sailing / Poor Shirley (Digital 45)","spotify:artist:695W5F2Ih8dYahLdjVOIoH","Christopher Cross","1979","https://i.scdn.co/image/ab67616d0000b273da93d2b16151587fd1e809fe","1","1","255453","https://p.scdn.co/mp3-preview/08b62a2e3f7fc733591b1315b6c6cdd5c301ee5f?cid=9950ac751e34487dbbe027c4fd7f8e99","false","55","USWB10901940","spotify:user:","2022-07-28T19:01:39Z"
"spotify:track:2netnF9Ddvt7evuPKXxYv4","Satisfaction","spotify:artist:5pLqzTJecAKKbWw0MrDASt","Bill Champlin","spotify:album:1wdhJ1zvsxYrdh5zd2YVDL","Yacht Rock","spotify:artist:0LyfQWJT6nXafLPZqxe9Of","Various Artists","2017-02-16","https://i.scdn.co/image/ab67616d0000b273e800fb23c0893ddd5c022d84","1","19","222506","https://p.scdn.co/mp3-preview/bc49e21a9bd12eb694e0c4ab3e9a54d68f45870d?cid=9950ac751e34487dbbe027c4fd7f8e99","false","36","USEE10701815","spotify:user:","2022-07-28T19:01:39Z"
"spotify:track:2tw1ZDp8vbVbJjHchv6XZQ","Look Who's Lonely Now","spotify:artist:7F81AqbZ2eUSjf9FpVptwO","Bill LaBounty","spotify:album:7aPh03VcoR5N96qC6odwS2","Bill LaBounty","spotify:artist:7F81AqbZ2eUSjf9FpVptwO","Bill LaBounty","1982-01-01","https://i.scdn.co/image/ab67616d0000b273695e765fc5265f56940bf33b","1","6","236600","https://p.scdn.co/mp3-preview/d315c7127b7e83b1c4df942d4f7c67f3e20f88f6?cid=9950ac751e34487dbbe027c4fd7f8e99","false","42","USCRB1009241","spotify:user:","2022-07-28T19:01:39Z"
"spotify:track:4pCNJwixy2ImFncaPY2yE2","Love Will Keep Us Together","spotify:artist:7BEfMxbaqx6dOpbtlEqScm","Captain & Tennille","spotify:album:3GUxesVyOehInaxJyCTh6d","Love Will Keep Us Together","spotify:artist:7BEfMxbaqx6dOpbtlEqScm","Captain & Tennille","1975-01-01","https://i.scdn.co/image/ab67616d0000b273e21a289d04d5f3d623807bee","1","1","205493","https://p.scdn.co/mp3-preview/b7bf4788f6107834930456385004791d36e3eec2?cid=9950ac751e34487dbbe027c4fd7f8e99","false","63","USAM17500299","spotify:user:","2022-07-28T19:01:39Z"
"spotify:track:2GORop0i2cyx8C0A3JzL44","Dance with Me","spotify:artist:1667U2YoucgG5Pdvm2M59c","Orleans","spotify:album:43inWGDznUuVwJoIX0jKtl","Dance With Me: The Best Of Orleans","spotify:artist:1667U2YoucgG5Pdvm2M59c","Orleans","1997-06-24","https://i.scdn.co/image/ab67616d0000b273fe67f0c4b706c0b17da9fea2","1","3","180479","https://p.scdn.co/mp3-preview/f6e2c62514c67ac5f6b5c42208d31158611f7bc1?cid=9950ac751e34487dbbe027c4fd7f8e99","false","59","USEE10250642","spotify:user:","2022-07-28T19:01:39Z"
"spotify:track:4mGDtUyNxu4ZDqwMAwHh1Q","JoJo","spotify:artist:46njgd2Rq9tZc4ZjeQMgbh","Boz Scaggs","spotify:album:5uniuttzg7zsjDvqmvvyDU","Hits!","spotify:artist:46njgd2Rq9tZc4ZjeQMgbh","Boz Scaggs","2006","https://i.scdn.co/image/ab67616d0000b27389ec4b314cae875a077bee78","1","2","352066","https://p.scdn.co/mp3-preview/e2d6dbaee4698c9fc2ac46fdbe67e8cc03970587?cid=9950ac751e34487dbbe027c4fd7f8e99","false","47","USSM19802157","spotify:user:","2022-07-28T19:01:39Z"
"spotify:track:0i8s3YyZjFcJoV41GxZjhg","Tranquillo (Melt My Heart)","spotify:artist:4FtSnMlCVxCswABUmdhwpm","Carly Simon","spotify:album:6TUPBFLSBxRwHDXV0y3AHs","Boys in the Trees","spotify:artist:4FtSnMlCVxCswABUmdhwpm","Carly Simon","1978","https://i.scdn.co/image/ab67616d0000b2732efa84a453ce06dafbedae64","1","7","243826","https://p.scdn.co/mp3-preview/9def1b848c0c131f4fdfa21426c243339e01aa6d?cid=9950ac751e34487dbbe027c4fd7f8e99","false","47","USEE10180208","spotify:user:","2022-07-28T19:01:39Z"
"spotify:track:5dXED6MP1v1qghkaniirb1","You Can Do Magic","spotify:artist:35U9lQaRWSQISxQAB94Meo","America","spotify:album:5ON91aFwvhfeFX6DhVto5h","View From The Ground","spotify:artist:35U9lQaRWSQISxQAB94Meo","America","1982-01-01","https://i.scdn.co/image/ab67616d0000b273f71eccd0b0f8b7d4f19a6b26","1","1","237466","https://p.scdn.co/mp3-preview/cc262c5a1704bc9b1c4ee10cf06da075bc0f00e1?cid=9950ac751e34487dbbe027c4fd7f8e99","false","63","USCA29300290","spotify:user:","2022-07-28T19:01:39Z"
"spotify:track:5GvWrvLIqoHroq7YvO260M","I Keep Forgettin' (Every Time You're Near)","spotify:artist:24hJWbo98sH84tb0nkeaqy","Michael McDonald","spotify:album:43P5lpZxSh8r0uNz7x6Sx1","If That's What It Takes","spotify:artist:24hJWbo98sH84tb0nkeaqy","Michael McDonald","1982-08-03","https://i.scdn.co/image/ab67616d0000b27332705f2d1763b4e63b8f2817","1","2","222280","https://p.scdn.co/mp3-preview/e78d931bd2eae656298566565786ba5e04536767?cid=9950ac751e34487dbbe027c4fd7f8e99","false","64","USWB19903128","spotify:user:","2022-07-28T19:01:39Z"
"spotify:track:1NZAeh2a8Y6Ry5hGBPGP1e","Hold On","spotify:artist:6GI52t8N5F02MxU0g5U69P","Santana","spotify:album:5WGelYF98lYE9NIYrFMoRm","Shango","spotify:artist:6GI52t8N5F02MxU0g5U69P","Santana","1983-09-06","https://i.scdn.co/image/ab67616d0000b273141f749335d03714266b9f87","1","2","261026","https://p.scdn.co/mp3-preview/b2053af5245c0ff5ecd720ce6c4efd5f58db0381?cid=9950ac751e34487dbbe027c4fd7f8e99","false","54","USSM19804575","spotify:user:","2022-07-28T19:01:39Z"
"spotify:track:5NCY3uTCovd93aqwbodUhm","Whenever I Call You ""Friend"" (feat. Stevie Nicks)","spotify:artist:3Y3xIwWyq5wnNHPp5gPjOW, spotify:artist:7crPfGd2k81ekOoSqQKWWz","Kenny Loggins, Stevie Nicks","spotify:album:2IIoRTMSjA1fTv11MdpGMj","Nightwatch","spotify:artist:3Y3xIwWyq5wnNHPp5gPjOW","Kenny Loggins","1978","https://i.scdn.co/image/ab67616d0000b273e69beda021bb528341b19b59","1","5","237826","https://p.scdn.co/mp3-preview/7af9d509f68ca868cb4241324bf37491474aaad9?cid=9950ac751e34487dbbe027c4fd7f8e99","false","57","USSM17800139","spotify:user:","2022-07-28T19:01:39Z"
"spotify:track:6FTkyVYA8sQv43TK28zJON","MARGARITA","spotify:artist:2clUjxvyf90rQi8Rz7absT","Marc Jordan","spotify:album:7piu0CaJxClSyIvPQO9aNz","A HOLE IN THE WALL","spotify:artist:2clUjxvyf90rQi8Rz7absT","Marc Jordan","1983","https://i.scdn.co/image/ab67616d0000b2730d88cbba1a260dfd51bcf6d3","1","2","250173","https://p.scdn.co/mp3-preview/b6700f3f8e4b7b4c08b2041fd1d56c510ccebc2f?cid=9950ac751e34487dbbe027c4fd7f8e99","false","46","JPD720602102","spotify:user:","2022-07-28T19:01:39Z"
"spotify:track:0Vth3l4XAo8hNYmxjzhr2y","On And On","spotify:artist:3JhRHqCi8HEzkJVWt19LtN","Stephen Bishop","spotify:album:08zWo4xb7GZ5e3dyUOUAmm","Careless","spotify:artist:3JhRHqCi8HEzkJVWt19LtN","Stephen Bishop","1976-01-01","https://i.scdn.co/image/ab67616d0000b2730bc0fcbdb072a8134928a414","1","1","181893","https://p.scdn.co/mp3-preview/9a45d8b3a4f97f013048848219b296ad58badee3?cid=9950ac751e34487dbbe027c4fd7f8e99","false","65","USMC17647807","spotify:user:","2022-07-28T19:01:39Z"
"spotify:track:2dcL0moa4ZOrRNUBrOMojo","Casablanca","spotify:artist:4kTI0EhldC81wN7PSBki3A","Dane Donohue","spotify:album:34LLJFmhTpNRaKVR5qnqwx","Dane Donohue","spotify:artist:4kTI0EhldC81wN7PSBki3A","Dane Donohue","1978-08-22","https://i.scdn.co/image/ab67616d0000b2736dfdcc8b2e755a7cc954a53f","1","1","243560","https://p.scdn.co/mp3-preview/ff69b9a5213881b6f8fe9292721f231ecc3d05e1?cid=9950ac751e34487dbbe027c4fd7f8e99","false","46","USSM10108906","spotify:user:","2022-07-28T19:01:39Z"
"spotify:track:6JHXiRD1QjMK1N6AQEnL04","Biggest Part of Me","spotify:artist:0J2Ej2rMQyqaUX3G6MUISw","Ambrosia","spotify:album:4WsQBaO2DLvDZ5VRmsXbUH","One Eighty","spotify:artist:0J2Ej2rMQyqaUX3G6MUISw","Ambrosia","1980-03-26","https://i.scdn.co/image/ab67616d0000b2730736c6f7e55f0bbe4b5f8497","1","9","324040","https://p.scdn.co/mp3-preview/cb2b19bd72f8eaf73d625e10b278371a1be78bcb?cid=9950ac751e34487dbbe027c4fd7f8e99","false","64","USWB18000096","spotify:user:","2022-07-28T19:01:39Z"
"spotify:track:4TxBGpTxrNvRNhF39Dl3NQ","Mornin'","spotify:artist:3YR92OLKlvkK5oKNekSqXe","Al Jarreau","spotify:album:3shAfFQ9RZWalGR5JSgnTb","Jarreau","spotify:artist:3YR92OLKlvkK5oKNekSqXe","Al Jarreau","1983","https://i.scdn.co/image/ab67616d0000b27382e0b4ed137c28d9d2812e0a","1","1","258399","https://p.scdn.co/mp3-preview/dcbe3a9b846a871a0e3d645bec5bf141b70ca786?cid=9950ac751e34487dbbe027c4fd7f8e99","false","58","USRH10801285","spotify:user:","2022-07-28T19:01:39Z"
"spotify:track:4ucjm7jDReA0IFHGfzOtoZ","All Right","spotify:artist:695W5F2Ih8dYahLdjVOIoH","Christopher Cross","spotify:album:4NiGOhxV6wViotkZKDv17G","Another Page","spotify:artist:695W5F2Ih8dYahLdjVOIoH","Christopher Cross","1983-01-31","https://i.scdn.co/image/ab67616d0000b2739e01cc54d268728d1ae90116","1","6","259532","https://p.scdn.co/mp3-preview/929aa8677f3e4798b346d910418d11d9b52a9d3f?cid=9950ac751e34487dbbe027c4fd7f8e99","false","42","USWB19903178","spotify:user:","2022-07-28T19:01:39Z"
"spotify:track:5Qd8OkNlebP5u2kqhnZmNv","Is It Love That We're Missin'","spotify:artist:3rxIQc9kWT6Ueg4BhnOwRK, spotify:artist:6h3rSZ8VLK7a5vXjEmhfuD","Quincy Jones, The Brothers Johnson","spotify:album:398zGWsZLMYEXyOnPe9snO","Mellow Madness","spotify:artist:3rxIQc9kWT6Ueg4BhnOwRK","Quincy Jones","1975-01-01","https://i.scdn.co/image/ab67616d0000b27373371eedcf2f1a68e3874ca7","1","1","232253","https://p.scdn.co/mp3-preview/083431eaa6b2eef7ac21cf2f230b614b3d864115?cid=9950ac751e34487dbbe027c4fd7f8e99","false","41","USAM17500001","spotify:user:","2022-07-28T19:01:39Z"
"spotify:track:6dnco8haegnJYtylV26cBq","Islands In the Stream","spotify:artist:32vWCbZh0xZ4o9gkz4PsEU, spotify:artist:4tw2Lmn9tTPUv7Gy7mVPI4","Dolly Parton, Kenny Rogers","spotify:album:3b3xKNoWtZLWdxuaL0sKCs","Greatest Hits","spotify:artist:32vWCbZh0xZ4o9gkz4PsEU","Dolly Parton","1982-10-04","https://i.scdn.co/image/ab67616d0000b273a4afa2612e996d0998fb2a00","1","8","251960","https://p.scdn.co/mp3-preview/c5b686473c24dc062da5e9e3a8d00a37053a8cdd?cid=9950ac751e34487dbbe027c4fd7f8e99","false","64","USRC18307961","spotify:user:","2022-07-28T19:01:39Z"
"spotify:track:4IT6vDuKprKl6jyVndlY8V","The Girl Is Mine (with Paul McCartney)","spotify:artist:3fMbdgg4jU18AjLCKBhRSm, spotify:artist:4STHEaNw4mPZ2tzheohgXB","Michael Jackson, Paul McCartney","spotify:album:2ANVost0y2y52ema1E9xAZ","Thriller","spotify:artist:3fMbdgg4jU18AjLCKBhRSm","Michael Jackson","1982-11-30","https://i.scdn.co/image/ab67616d0000b273de437d960dda1ac0a3586d97","1","3","222333","https://p.scdn.co/mp3-preview/e3c6d2e2d6fbec8d6b35de6fe905bbb5c69d159a?cid=9950ac751e34487dbbe027c4fd7f8e99","false","60","USSM19902988","spotify:user:","2022-07-28T19:01:39Z"
"spotify:track:0YO8KsprTrEUEvJevpI7Na","This Is It","spotify:artist:3Y3xIwWyq5wnNHPp5gPjOW","Kenny Loggins","spotify:album:3Z9IvbRwLHwLXXBlPFKg3B","Keep The Fire","spotify:artist:3Y3xIwWyq5wnNHPp5gPjOW","Kenny Loggins","1979","https://i.scdn.co/image/ab67616d0000b27316bdb09e49cda3ea9c5c156a","1","3","236733","https://p.scdn.co/mp3-preview/02611215ba628b679bdba6418f9e5fd46a6090ba?cid=9950ac751e34487dbbe027c4fd7f8e99","false","55","USSM10020938","spotify:user:","2022-07-28T19:01:39Z"
"spotify:track:138zVd63tbSFQR5oc3dHmg","Coming Down from Love","spotify:artist:4V4Z3qMCwYofWHtip6ePF6","Bobby Caldwell","spotify:album:61MrCsj5a0ZfgbgvcFHFl0","Cat in the Hat","spotify:artist:4V4Z3qMCwYofWHtip6ePF6","Bobby Caldwell","1991-10-10","https://i.scdn.co/image/ab67616d0000b2730ace15f34a1ee8a793b135dc","1","1","242026","https://p.scdn.co/mp3-preview/237dc7e21b8073ce01a59f01c705db5ff9df344f?cid=9950ac751e34487dbbe027c4fd7f8e99","false","44","US39C0400003","spotify:user:","2022-07-28T19:01:39Z"
"spotify:track:5AHjRKFCVUaRClF2Oxx8Ld","Save It For A Rainy Day","spotify:artist:3JhRHqCi8HEzkJVWt19LtN","Stephen Bishop","spotify:album:08zWo4xb7GZ5e3dyUOUAmm","Careless","spotify:artist:3JhRHqCi8HEzkJVWt19LtN","Stephen Bishop","1976-01-01","https://i.scdn.co/image/ab67616d0000b2730bc0fcbdb072a8134928a414","1","10","192973","https://p.scdn.co/mp3-preview/da24f1f8afac1b3c8f63124e165106439757a086?cid=9950ac751e34487dbbe027c4fd7f8e99","false","57","USMC17653811","spotify:user:","2022-07-28T19:01:39Z"
"spotify:track:2bwYGPDCC31QTdFca1mQRh","Baby Come Back","spotify:artist:0fgtHVpOPfXb07S8Jx443z","Player","spotify:album:0Jd20cTh3EfVzFQn8GSO9Y","The Best Of Player: Baby Come Back","spotify:artist:0fgtHVpOPfXb07S8Jx443z","Player","1998-01-01","https://i.scdn.co/image/ab67616d0000b273ef0d65084591b500e97a2850","1","1","253733","https://p.scdn.co/mp3-preview/de4aa790824ea195c4085846e5b606ceaf11a635?cid=9950ac751e34487dbbe027c4fd7f8e99","false","48","NLF057790013","spotify:user:","2022-07-28T19:01:39Z"
"spotify:track:36nWEcjwsB7u3yKvLJpYhJ","Paradise","spotify:artist:2ZvrvbQNrHKwjT7qfGFFUW","Herbie Hancock","spotify:album:5LsdfUYg3pWMyjoyAnS3fE","Lite Me Up","spotify:artist:2ZvrvbQNrHKwjT7qfGFFUW","Herbie Hancock","1982","https://i.scdn.co/image/ab67616d0000b27308dbaa8c2dbd36290d72e801","1","4","271026","https://p.scdn.co/mp3-preview/053a7839cfed9796c482935bcbdd025fe4f1feb3?cid=9950ac751e34487dbbe027c4fd7f8e99","false","41","USSM11003948","spotify:user:","2022-07-28T19:01:39Z"
"spotify:track:3b9SxtCRgPFPtIGpv1qQ1t","Trouble in Paradise","spotify:artist:3YR92OLKlvkK5oKNekSqXe","Al Jarreau","spotify:album:3shAfFQ9RZWalGR5JSgnTb","Jarreau","spotify:artist:3YR92OLKlvkK5oKNekSqXe","Al Jarreau","1983","https://i.scdn.co/image/ab67616d0000b27382e0b4ed137c28d9d2812e0a","1","7","229000","https://p.scdn.co/mp3-preview/3c40289fd6a5f6f8ef2be4630dc911e156dc2d3d?cid=9950ac751e34487dbbe027c4fd7f8e99","false","45","USRH10801291","spotify:user:","2022-07-28T19:01:39Z"
"spotify:track:5JIobM5qcmVROZLIAJz4gD","Got to Be Lovin' You","spotify:artist:5zcCnWi56qN3EgcQZUg2gR","Erik Tagg","spotify:album:7hoTV10wiY6EFY9885V0p2","Rendez-Vous","spotify:artist:5zcCnWi56qN3EgcQZUg2gR","Erik Tagg","1977-10-23","https://i.scdn.co/image/ab67616d0000b273695eba6025bed30956eed12b","1","1","208146","https://p.scdn.co/mp3-preview/e8ab39128756f32f046d5e7b7eba42936d795936?cid=9950ac751e34487dbbe027c4fd7f8e99","false","41","NLE321100025","spotify:user:","2022-07-28T19:01:39Z"
"spotify:track:2LqzuRukwnpeWYLXBtiwmq","Love Will Find A Way","spotify:artist:3Y5abCLsMxsOLaZ8rYusSR","Pablo Cruise","spotify:album:4aYsq7sHYon9fInMOboyfK","Worlds Away","spotify:artist:3Y5abCLsMxsOLaZ8rYusSR","Pablo Cruise","1978","https://i.scdn.co/image/ab67616d0000b2731e0c53c53c0334e380d37a20","1","2","251426","https://p.scdn.co/mp3-preview/1e2aa30b5001ee47133c46ddaa28af16a803cab0?cid=9950ac751e34487dbbe027c4fd7f8e99","false","59","USAM10110111","spotify:user:","2022-07-28T19:01:39Z"
"spotify:track:2r008pcfVYc0zgQvSRqUJE","I'd Really Love to See You Tonight","spotify:artist:01W8kYNqFHyKicPfR0pLwO","England Dan & John Ford Coley","spotify:album:1lAMkHFW0e51taMt34LUQ2","Nights Are Forever","spotify:artist:01W8kYNqFHyKicPfR0pLwO","England Dan & John Ford Coley","1976-07","https://i.scdn.co/image/ab67616d0000b273b28344e9f8f359a95aa9cfe6","1","1","159106","https://p.scdn.co/mp3-preview/b62c0d8fc2ef0a2e43f8d0839808c05abae4c2aa?cid=9950ac751e34487dbbe027c4fd7f8e99","false","70","USAT20181306","spotify:user:","2022-07-28T19:01:39Z"
"spotify:track:0qnfAVtzFPY0pOGYpTkZeY","I Gotta Try","spotify:artist:24hJWbo98sH84tb0nkeaqy","Michael McDonald","spotify:album:43P5lpZxSh8r0uNz7x6Sx1","If That's What It Takes","spotify:artist:24hJWbo98sH84tb0nkeaqy","Michael McDonald","1982-08-03","https://i.scdn.co/image/ab67616d0000b27332705f2d1763b4e63b8f2817","1","4","235333","https://p.scdn.co/mp3-preview/253f63026ac65767ff5094f53065cc41950b9ba2?cid=9950ac751e34487dbbe027c4fd7f8e99","false","50","USWB19903130","spotify:user:","2022-07-28T19:01:39Z"
"spotify:track:2Pzhx26KqgTTKnko0uC7F7","Stumblin' In - 2017 Remaster","spotify:artist:2Pawr6MMX9VBIQ9oUHg7jc, spotify:artist:15jHZ1EZwmm2QDjKctvqJQ","Chris Norman, Suzi Quatro","spotify:album:70zwk7XkGn8CRIObD3a40F","Stumblin' In (2017 Remaster)","spotify:artist:2Pawr6MMX9VBIQ9oUHg7jc, spotify:artist:15jHZ1EZwmm2QDjKctvqJQ","Chris Norman, Suzi Quatro","1978","https://i.scdn.co/image/ab67616d0000b2732030f2acc06a7f49ca5d49bc","1","1","239611","https://p.scdn.co/mp3-preview/89802e51088808387bba109e97645de7c65700cf?cid=9950ac751e34487dbbe027c4fd7f8e99","false","69","UKKP21700081","spotify:user:","2022-07-28T19:01:39Z"
"spotify:track:1QEZIhNmz28cJ2Lr45MKJ4","Hot Rod Hearts - Remastered","spotify:artist:3jrgftS3TYbNxcPt5itKhz","Robbie Dupree","spotify:album:1sY2wLftl601YlV9YUQFgW","Robbie Dupree","spotify:artist:3jrgftS3TYbNxcPt5itKhz","Robbie Dupree","1980-12-01","https://i.scdn.co/image/ab67616d0000b273b7e815ed0bb6fda375423c88","1","5","221432","https://p.scdn.co/mp3-preview/a22f36d5259138e78c322938be67b529e2fa73c8?cid=9950ac751e34487dbbe027c4fd7f8e99","false","49","USEE10250613","spotify:user:","2022-07-28T19:01:39Z"
"spotify:track:3cfnGXJ9bmiWvFqEO6ff8B","After the Love Has Gone","spotify:artist:4QQgXkCYTt3BlENzhyNETg","Earth\, Wind & Fire","spotify:album:4RLVTxnuVN5ZWZqBFnaaQt","I Am","spotify:artist:4QQgXkCYTt3BlENzhyNETg","Earth\, Wind & Fire","1979-06","https://i.scdn.co/image/ab67616d0000b2735ccd022a69a4da9551efd988","1","3","278040","https://p.scdn.co/mp3-preview/fb2a07a521ffe887569f574fd573ecd09772443a?cid=9950ac751e34487dbbe027c4fd7f8e99","false","68","USSM19801712","spotify:user:","2022-07-28T19:01:39Z"
"spotify:track:5eWTNSMTX5BxuYYuOU4vYq","Is It You","spotify:artist:1nDqTUspmq8IXhcEZT93iq","Lee Ritenour","spotify:album:4La5Rv7uDtnbsgVQxGdwMR","Rit, Vol. 1","spotify:artist:1nDqTUspmq8IXhcEZT93iq","Lee Ritenour","1981-01-01","https://i.scdn.co/image/ab67616d0000b273f65e207167b7b3870f616f76","1","4","269653","https://p.scdn.co/mp3-preview/f60115068b650d16a2f67f831c4ee522c4fb1a10?cid=9950ac751e34487dbbe027c4fd7f8e99","false","55","USEE10181340","spotify:user:","2022-07-28T19:01:39Z"
"spotify:track:2gXxWFhCbDYKCGor6KAkeW","My Love Is Forever","spotify:artist:5a2EaR3hamoenG9rDuVn8j","Prince","spotify:album:0IofYnPCppEIKAJmc517JS","For You","spotify:artist:5a2EaR3hamoenG9rDuVn8j","Prince","1978-04-07","https://i.scdn.co/image/ab67616d0000b27329a75f6557ccba991f8bce82","1","7","251400","https://p.scdn.co/mp3-preview/72506c1ce32374a9438cc7f310355ef79cad3e78?cid=9950ac751e34487dbbe027c4fd7f8e99","false","37","USWB19903869","spotify:user:","2022-07-28T19:01:39Z"
